(kicad_pcb (version 20171130) (host pcbnew "(5.1.5)-3")

  (general
    (thickness 1.6)
    (drawings 67)
    (tracks 1248)
    (zones 0)
    (modules 94)
    (nets 72)
  )

  (page A4)
  (title_block
    (date "jeu. 02 avril 2015")
  )

  (layers
    (0 F.Cu signal)
    (31 B.Cu signal)
    (32 B.Adhes user)
    (33 F.Adhes user)
    (34 B.Paste user)
    (35 F.Paste user)
    (36 B.SilkS user)
    (37 F.SilkS user)
    (38 B.Mask user)
    (39 F.Mask user)
    (40 Dwgs.User user)
    (41 Cmts.User user)
    (42 Eco1.User user)
    (43 Eco2.User user)
    (44 Edge.Cuts user)
    (45 Margin user)
    (46 B.CrtYd user)
    (47 F.CrtYd user)
    (48 B.Fab user hide)
    (49 F.Fab user hide)
  )

  (setup
    (last_trace_width 0.2)
    (user_trace_width 0.25)
    (user_trace_width 0.3)
    (user_trace_width 0.4)
    (user_trace_width 0.5)
    (user_trace_width 0.6)
    (user_trace_width 0.8)
    (user_trace_width 1)
    (user_trace_width 1.2)
    (user_trace_width 1.4)
    (user_trace_width 1.6)
    (user_trace_width 1.8)
    (user_trace_width 2)
    (trace_clearance 0.199)
    (zone_clearance 0.254)
    (zone_45_only no)
    (trace_min 0)
    (via_size 0.6)
    (via_drill 0.4)
    (via_min_size 0.4)
    (via_min_drill 0.3)
    (user_via 0.5 0.3)
    (user_via 0.8 0.6)
    (user_via 1 0.8)
    (user_via 1.2 1)
    (uvia_size 0.3)
    (uvia_drill 0.1)
    (uvias_allowed no)
    (uvia_min_size 0.2)
    (uvia_min_drill 0.1)
    (edge_width 0.1)
    (segment_width 0.15)
    (pcb_text_width 0.3)
    (pcb_text_size 1.5 1.5)
    (mod_edge_width 0.15)
    (mod_text_size 1 1)
    (mod_text_width 0.15)
    (pad_size 1.5 1.5)
    (pad_drill 0.6)
    (pad_to_mask_clearance 0)
    (aux_axis_origin 129.176 118.617)
    (grid_origin 129.176 118.617)
    (visible_elements 7FFFFFFF)
    (pcbplotparams
      (layerselection 0x010f0_ffffffff)
      (usegerberextensions false)
      (usegerberattributes false)
      (usegerberadvancedattributes false)
      (creategerberjobfile false)
      (excludeedgelayer true)
      (linewidth 0.150000)
      (plotframeref false)
      (viasonmask false)
      (mode 1)
      (useauxorigin true)
      (hpglpennumber 1)
      (hpglpenspeed 20)
      (hpglpendiameter 15.000000)
      (psnegative false)
      (psa4output false)
      (plotreference true)
      (plotvalue true)
      (plotinvisibletext false)
      (padsonsilk false)
      (subtractmaskfromsilk true)
      (outputformat 1)
      (mirror false)
      (drillshape 0)
      (scaleselection 1)
      (outputdirectory "./Gerb"))
  )

  (net 0 "")
  (net 1 /Reset)
  (net 2 GND)
  (net 3 "/3(**)")
  (net 4 "/5(**)")
  (net 5 +5V)
  (net 6 /A5)
  (net 7 /A4)
  (net 8 /A1)
  (net 9 /A0)
  (net 10 "Net-(D1-Pad1)")
  (net 11 "Net-(D2-Pad1)")
  (net 12 "Net-(D3-Pad1)")
  (net 13 +3V3)
  (net 14 /ssi_encoder/Dout_-)
  (net 15 /ssi_encoder/Dout_+)
  (net 16 /ssi_encoder/C_-)
  (net 17 /ssi_encoder/C_+)
  (net 18 /ssi_encoder/D_-)
  (net 19 /ssi_encoder/D_+)
  (net 20 /inc_encoder/A+)
  (net 21 /inc_encoder/A-)
  (net 22 /inc_encoder/B+)
  (net 23 /inc_encoder/B-)
  (net 24 /inc_encoder/I+)
  (net 25 /inc_encoder/I-)
  (net 26 "/0(Rx)")
  (net 27 /2)
  (net 28 /4)
  (net 29 "/6(**)")
  (net 30 "/12(MISO)")
  (net 31 /A3)
  (net 32 "Net-(C10-Pad1)")
  (net 33 "Net-(C10-Pad2)")
  (net 34 "/utm/PWR+(24V)")
  (net 35 +24V)
  (net 36 /rs485/RS485_+)
  (net 37 /rs485/RS485_-)
  (net 38 /utm/SIG_OUT)
  (net 39 "Net-(R11-Pad2)")
  (net 40 /thermocouple/T-)
  (net 41 /thermocouple/T+)
  (net 42 "Net-(J5-Pad2)")
  (net 43 /inc_encoder/A_-)
  (net 44 /inc_encoder/B_-)
  (net 45 /inc_encoder/I_-)
  (net 46 /inc_encoder/A_+)
  (net 47 /inc_encoder/B_+)
  (net 48 /inc_encoder/I_+)
  (net 49 "/1(Tx)")
  (net 50 /A6)
  (net 51 /brake/brake_-)
  (net 52 /brake/brake_+)
  (net 53 "Net-(L4-Pad1)")
  (net 54 "Net-(L4-Pad2)")
  (net 55 "Net-(R20-Pad1)")
  (net 56 "Net-(R22-Pad2)")
  (net 57 "Net-(D5-Pad3)")
  (net 58 "Net-(D5-Pad1)")
  (net 59 "Net-(D6-Pad1)")
  (net 60 "/11(**/MOSI)")
  (net 61 "Net-(Q2-Pad3)")
  (net 62 "Net-(Q2-Pad1)")
  (net 63 "Net-(J9-Pad2)")
  (net 64 "/9(**)")
  (net 65 "/10(**/SS)")
  (net 66 "Net-(R25-Pad1)")
  (net 67 "Net-(D10-Pad1)")
  (net 68 "Net-(J9-Pad3)")
  (net 69 "Net-(C8-Pad1)")
  (net 70 "Net-(C15-Pad1)")
  (net 71 "Net-(R1-Pad2)")

  (net_class Default "This is the default net class."
    (clearance 0.199)
    (trace_width 0.2)
    (via_dia 0.6)
    (via_drill 0.4)
    (uvia_dia 0.3)
    (uvia_drill 0.1)
    (diff_pair_width 0.25)
    (diff_pair_gap 0.2)
    (add_net +24V)
    (add_net +3V3)
    (add_net +5V)
    (add_net "/0(Rx)")
    (add_net "/1(Tx)")
    (add_net "/10(**/SS)")
    (add_net "/11(**/MOSI)")
    (add_net "/12(MISO)")
    (add_net /2)
    (add_net "/3(**)")
    (add_net /4)
    (add_net "/5(**)")
    (add_net "/6(**)")
    (add_net "/9(**)")
    (add_net /A0)
    (add_net /A1)
    (add_net /A3)
    (add_net /A4)
    (add_net /A5)
    (add_net /A6)
    (add_net /Reset)
    (add_net /brake/brake_+)
    (add_net /brake/brake_-)
    (add_net /inc_encoder/A+)
    (add_net /inc_encoder/A-)
    (add_net /inc_encoder/A_+)
    (add_net /inc_encoder/A_-)
    (add_net /inc_encoder/B+)
    (add_net /inc_encoder/B-)
    (add_net /inc_encoder/B_+)
    (add_net /inc_encoder/B_-)
    (add_net /inc_encoder/I+)
    (add_net /inc_encoder/I-)
    (add_net /inc_encoder/I_+)
    (add_net /inc_encoder/I_-)
    (add_net /rs485/RS485_+)
    (add_net /rs485/RS485_-)
    (add_net /ssi_encoder/C_+)
    (add_net /ssi_encoder/C_-)
    (add_net /ssi_encoder/D_+)
    (add_net /ssi_encoder/D_-)
    (add_net /ssi_encoder/Dout_+)
    (add_net /ssi_encoder/Dout_-)
    (add_net /thermocouple/T+)
    (add_net /thermocouple/T-)
    (add_net "/utm/PWR+(24V)")
    (add_net /utm/SIG_OUT)
    (add_net GND)
    (add_net "Net-(C10-Pad1)")
    (add_net "Net-(C10-Pad2)")
    (add_net "Net-(C15-Pad1)")
    (add_net "Net-(C8-Pad1)")
    (add_net "Net-(D1-Pad1)")
    (add_net "Net-(D10-Pad1)")
    (add_net "Net-(D2-Pad1)")
    (add_net "Net-(D3-Pad1)")
    (add_net "Net-(D5-Pad1)")
    (add_net "Net-(D5-Pad3)")
    (add_net "Net-(D6-Pad1)")
    (add_net "Net-(J5-Pad2)")
    (add_net "Net-(J9-Pad2)")
    (add_net "Net-(J9-Pad3)")
    (add_net "Net-(L4-Pad1)")
    (add_net "Net-(L4-Pad2)")
    (add_net "Net-(Q2-Pad1)")
    (add_net "Net-(Q2-Pad3)")
    (add_net "Net-(R1-Pad2)")
    (add_net "Net-(R11-Pad2)")
    (add_net "Net-(R20-Pad1)")
    (add_net "Net-(R22-Pad2)")
    (add_net "Net-(R25-Pad1)")
  )

  (module Resistor_SMD:R_0603_1608Metric (layer B.Cu) (tedit 5B301BBD) (tstamp 5E36ABE3)
    (at 135.576 90.017)
    (descr "Resistor SMD 0603 (1608 Metric), square (rectangular) end terminal, IPC_7351 nominal, (Body size source: http://www.tortai-tech.com/upload/download/2011102023233369053.pdf), generated with kicad-footprint-generator")
    (tags resistor)
    (path /5E2FBBAA/5E2FDB32)
    (attr smd)
    (fp_text reference R12 (at 8.6 3.3) (layer B.SilkS)
      (effects (font (size 1 1) (thickness 0.15)) (justify mirror))
    )
    (fp_text value 10k (at 0 -1.43) (layer B.Fab)
      (effects (font (size 1 1) (thickness 0.15)) (justify mirror))
    )
    (fp_text user %R (at 0 0) (layer B.Fab)
      (effects (font (size 0.4 0.4) (thickness 0.06)) (justify mirror))
    )
    (fp_line (start 1.48 -0.73) (end -1.48 -0.73) (layer B.CrtYd) (width 0.05))
    (fp_line (start 1.48 0.73) (end 1.48 -0.73) (layer B.CrtYd) (width 0.05))
    (fp_line (start -1.48 0.73) (end 1.48 0.73) (layer B.CrtYd) (width 0.05))
    (fp_line (start -1.48 -0.73) (end -1.48 0.73) (layer B.CrtYd) (width 0.05))
    (fp_line (start -0.162779 -0.51) (end 0.162779 -0.51) (layer B.SilkS) (width 0.12))
    (fp_line (start -0.162779 0.51) (end 0.162779 0.51) (layer B.SilkS) (width 0.12))
    (fp_line (start 0.8 -0.4) (end -0.8 -0.4) (layer B.Fab) (width 0.1))
    (fp_line (start 0.8 0.4) (end 0.8 -0.4) (layer B.Fab) (width 0.1))
    (fp_line (start -0.8 0.4) (end 0.8 0.4) (layer B.Fab) (width 0.1))
    (fp_line (start -0.8 -0.4) (end -0.8 0.4) (layer B.Fab) (width 0.1))
    (pad 2 smd roundrect (at 0.7875 0) (size 0.875 0.95) (layers B.Cu B.Paste B.Mask) (roundrect_rratio 0.25)
      (net 39 "Net-(R11-Pad2)"))
    (pad 1 smd roundrect (at -0.7875 0) (size 0.875 0.95) (layers B.Cu B.Paste B.Mask) (roundrect_rratio 0.25)
      (net 38 /utm/SIG_OUT))
    (model ${KISYS3DMOD}/Resistor_SMD.3dshapes/R_0603_1608Metric.wrl
      (at (xyz 0 0 0))
      (scale (xyz 1 1 1))
      (rotate (xyz 0 0 0))
    )
  )

  (module Resistor_SMD:R_0603_1608Metric (layer B.Cu) (tedit 5B301BBD) (tstamp 5E88B516)
    (at 135.576 91.517 180)
    (descr "Resistor SMD 0603 (1608 Metric), square (rectangular) end terminal, IPC_7351 nominal, (Body size source: http://www.tortai-tech.com/upload/download/2011102023233369053.pdf), generated with kicad-footprint-generator")
    (tags resistor)
    (path /5E2FBBAA/5E8ACE10)
    (attr smd)
    (fp_text reference R2 (at -8.6 -3.3) (layer B.SilkS)
      (effects (font (size 1 1) (thickness 0.15)) (justify mirror))
    )
    (fp_text value 10k (at 0 -1.43) (layer B.Fab)
      (effects (font (size 1 1) (thickness 0.15)) (justify mirror))
    )
    (fp_line (start -0.8 -0.4) (end -0.8 0.4) (layer B.Fab) (width 0.1))
    (fp_line (start -0.8 0.4) (end 0.8 0.4) (layer B.Fab) (width 0.1))
    (fp_line (start 0.8 0.4) (end 0.8 -0.4) (layer B.Fab) (width 0.1))
    (fp_line (start 0.8 -0.4) (end -0.8 -0.4) (layer B.Fab) (width 0.1))
    (fp_line (start -0.162779 0.51) (end 0.162779 0.51) (layer B.SilkS) (width 0.12))
    (fp_line (start -0.162779 -0.51) (end 0.162779 -0.51) (layer B.SilkS) (width 0.12))
    (fp_line (start -1.48 -0.73) (end -1.48 0.73) (layer B.CrtYd) (width 0.05))
    (fp_line (start -1.48 0.73) (end 1.48 0.73) (layer B.CrtYd) (width 0.05))
    (fp_line (start 1.48 0.73) (end 1.48 -0.73) (layer B.CrtYd) (width 0.05))
    (fp_line (start 1.48 -0.73) (end -1.48 -0.73) (layer B.CrtYd) (width 0.05))
    (fp_text user %R (at 0 0) (layer B.Fab)
      (effects (font (size 0.4 0.4) (thickness 0.06)) (justify mirror))
    )
    (pad 1 smd roundrect (at -0.7875 0 180) (size 0.875 0.95) (layers B.Cu B.Paste B.Mask) (roundrect_rratio 0.25)
      (net 2 GND))
    (pad 2 smd roundrect (at 0.7875 0 180) (size 0.875 0.95) (layers B.Cu B.Paste B.Mask) (roundrect_rratio 0.25)
      (net 38 /utm/SIG_OUT))
    (model ${KISYS3DMOD}/Resistor_SMD.3dshapes/R_0603_1608Metric.wrl
      (at (xyz 0 0 0))
      (scale (xyz 1 1 1))
      (rotate (xyz 0 0 0))
    )
  )

  (module Resistor_SMD:R_0603_1608Metric (layer F.Cu) (tedit 5B301BBD) (tstamp 5E7ECA76)
    (at 175.976 100.867 270)
    (descr "Resistor SMD 0603 (1608 Metric), square (rectangular) end terminal, IPC_7351 nominal, (Body size source: http://www.tortai-tech.com/upload/download/2011102023233369053.pdf), generated with kicad-footprint-generator")
    (tags resistor)
    (path /5E34E778/5E55C54C)
    (attr smd)
    (fp_text reference R6 (at 2.5 0 90) (layer F.SilkS)
      (effects (font (size 1 1) (thickness 0.15)))
    )
    (fp_text value 10k (at 0 1.43 90) (layer F.Fab)
      (effects (font (size 1 1) (thickness 0.15)))
    )
    (fp_text user %R (at 0 0 90) (layer F.Fab)
      (effects (font (size 0.4 0.4) (thickness 0.06)))
    )
    (fp_line (start 1.48 0.73) (end -1.48 0.73) (layer F.CrtYd) (width 0.05))
    (fp_line (start 1.48 -0.73) (end 1.48 0.73) (layer F.CrtYd) (width 0.05))
    (fp_line (start -1.48 -0.73) (end 1.48 -0.73) (layer F.CrtYd) (width 0.05))
    (fp_line (start -1.48 0.73) (end -1.48 -0.73) (layer F.CrtYd) (width 0.05))
    (fp_line (start -0.162779 0.51) (end 0.162779 0.51) (layer F.SilkS) (width 0.12))
    (fp_line (start -0.162779 -0.51) (end 0.162779 -0.51) (layer F.SilkS) (width 0.12))
    (fp_line (start 0.8 0.4) (end -0.8 0.4) (layer F.Fab) (width 0.1))
    (fp_line (start 0.8 -0.4) (end 0.8 0.4) (layer F.Fab) (width 0.1))
    (fp_line (start -0.8 -0.4) (end 0.8 -0.4) (layer F.Fab) (width 0.1))
    (fp_line (start -0.8 0.4) (end -0.8 -0.4) (layer F.Fab) (width 0.1))
    (pad 2 smd roundrect (at 0.7875 0 270) (size 0.875 0.95) (layers F.Cu F.Paste F.Mask) (roundrect_rratio 0.25)
      (net 47 /inc_encoder/B_+))
    (pad 1 smd roundrect (at -0.7875 0 270) (size 0.875 0.95) (layers F.Cu F.Paste F.Mask) (roundrect_rratio 0.25)
      (net 13 +3V3))
    (model ${KISYS3DMOD}/Resistor_SMD.3dshapes/R_0603_1608Metric.wrl
      (at (xyz 0 0 0))
      (scale (xyz 1 1 1))
      (rotate (xyz 0 0 0))
    )
  )

  (module Package_SO:SOIC-16_3.9x9.9mm_P1.27mm (layer B.Cu) (tedit 5C97300E) (tstamp 5E36C47A)
    (at 172.376 100.417)
    (descr "SOIC, 16 Pin (JEDEC MS-012AC, https://www.analog.com/media/en/package-pcb-resources/package/pkg_pdf/soic_narrow-r/r_16.pdf), generated with kicad-footprint-generator ipc_gullwing_generator.py")
    (tags "SOIC SO")
    (path /5E34E778/5E355A86)
    (attr smd)
    (fp_text reference U3 (at -2.7 -5.8 180) (layer B.SilkS)
      (effects (font (size 1 1) (thickness 0.15)) (justify mirror))
    )
    (fp_text value AM26LV32xD (at 0 -5.9) (layer B.Fab)
      (effects (font (size 1 1) (thickness 0.15)) (justify mirror))
    )
    (fp_line (start 0 -5.06) (end 1.95 -5.06) (layer B.SilkS) (width 0.12))
    (fp_line (start 0 -5.06) (end -1.95 -5.06) (layer B.SilkS) (width 0.12))
    (fp_line (start 0 5.06) (end 1.95 5.06) (layer B.SilkS) (width 0.12))
    (fp_line (start 0 5.06) (end -3.45 5.06) (layer B.SilkS) (width 0.12))
    (fp_line (start -0.975 4.95) (end 1.95 4.95) (layer B.Fab) (width 0.1))
    (fp_line (start 1.95 4.95) (end 1.95 -4.95) (layer B.Fab) (width 0.1))
    (fp_line (start 1.95 -4.95) (end -1.95 -4.95) (layer B.Fab) (width 0.1))
    (fp_line (start -1.95 -4.95) (end -1.95 3.975) (layer B.Fab) (width 0.1))
    (fp_line (start -1.95 3.975) (end -0.975 4.95) (layer B.Fab) (width 0.1))
    (fp_line (start -3.7 5.2) (end -3.7 -5.2) (layer B.CrtYd) (width 0.05))
    (fp_line (start -3.7 -5.2) (end 3.7 -5.2) (layer B.CrtYd) (width 0.05))
    (fp_line (start 3.7 -5.2) (end 3.7 5.2) (layer B.CrtYd) (width 0.05))
    (fp_line (start 3.7 5.2) (end -3.7 5.2) (layer B.CrtYd) (width 0.05))
    (fp_text user %R (at 0 0) (layer B.Fab)
      (effects (font (size 0.98 0.98) (thickness 0.15)) (justify mirror))
    )
    (pad 1 smd roundrect (at -2.475 4.445) (size 1.95 0.6) (layers B.Cu B.Paste B.Mask) (roundrect_rratio 0.25)
      (net 45 /inc_encoder/I_-))
    (pad 2 smd roundrect (at -2.475 3.175) (size 1.95 0.6) (layers B.Cu B.Paste B.Mask) (roundrect_rratio 0.25)
      (net 48 /inc_encoder/I_+))
    (pad 3 smd roundrect (at -2.475 1.905) (size 1.95 0.6) (layers B.Cu B.Paste B.Mask) (roundrect_rratio 0.25)
      (net 4 "/5(**)"))
    (pad 4 smd roundrect (at -2.475 0.635) (size 1.95 0.6) (layers B.Cu B.Paste B.Mask) (roundrect_rratio 0.25)
      (net 2 GND))
    (pad 5 smd roundrect (at -2.475 -0.635) (size 1.95 0.6) (layers B.Cu B.Paste B.Mask) (roundrect_rratio 0.25))
    (pad 6 smd roundrect (at -2.475 -1.905) (size 1.95 0.6) (layers B.Cu B.Paste B.Mask) (roundrect_rratio 0.25))
    (pad 7 smd roundrect (at -2.475 -3.175) (size 1.95 0.6) (layers B.Cu B.Paste B.Mask) (roundrect_rratio 0.25))
    (pad 8 smd roundrect (at -2.475 -4.445) (size 1.95 0.6) (layers B.Cu B.Paste B.Mask) (roundrect_rratio 0.25)
      (net 2 GND))
    (pad 9 smd roundrect (at 2.475 -4.445) (size 1.95 0.6) (layers B.Cu B.Paste B.Mask) (roundrect_rratio 0.25)
      (net 43 /inc_encoder/A_-))
    (pad 10 smd roundrect (at 2.475 -3.175) (size 1.95 0.6) (layers B.Cu B.Paste B.Mask) (roundrect_rratio 0.25)
      (net 46 /inc_encoder/A_+))
    (pad 11 smd roundrect (at 2.475 -1.905) (size 1.95 0.6) (layers B.Cu B.Paste B.Mask) (roundrect_rratio 0.25)
      (net 9 /A0))
    (pad 12 smd roundrect (at 2.475 -0.635) (size 1.95 0.6) (layers B.Cu B.Paste B.Mask) (roundrect_rratio 0.25)
      (net 2 GND))
    (pad 13 smd roundrect (at 2.475 0.635) (size 1.95 0.6) (layers B.Cu B.Paste B.Mask) (roundrect_rratio 0.25)
      (net 8 /A1))
    (pad 14 smd roundrect (at 2.475 1.905) (size 1.95 0.6) (layers B.Cu B.Paste B.Mask) (roundrect_rratio 0.25)
      (net 47 /inc_encoder/B_+))
    (pad 15 smd roundrect (at 2.475 3.175) (size 1.95 0.6) (layers B.Cu B.Paste B.Mask) (roundrect_rratio 0.25)
      (net 44 /inc_encoder/B_-))
    (pad 16 smd roundrect (at 2.475 4.445) (size 1.95 0.6) (layers B.Cu B.Paste B.Mask) (roundrect_rratio 0.25)
      (net 13 +3V3))
    (model ${KISYS3DMOD}/Package_SO.3dshapes/SOIC-16_3.9x9.9mm_P1.27mm.wrl
      (at (xyz 0 0 0))
      (scale (xyz 1 1 1))
      (rotate (xyz 0 0 0))
    )
  )

  (module Connector_Multicomp:Multicomp_MC9A12-1034_2x05_P2.54mm_Vertical (layer F.Cu) (tedit 5A16A5B2) (tstamp 5E52D587)
    (at 182.476 96.017 270)
    (descr http://www.farnell.com/datasheets/1520732.pdf)
    (tags "connector multicomp MC9A MC9A12")
    (path /5E597057)
    (fp_text reference J1 (at 14.7 4 90) (layer F.SilkS)
      (effects (font (size 1 1) (thickness 0.15)))
    )
    (fp_text value Conn_02x05_Odd_Even (at 5.08 5 90) (layer F.Fab)
      (effects (font (size 1 1) (thickness 0.15)))
    )
    (fp_text user %R (at 5.08 -1.27 90) (layer F.Fab)
      (effects (font (size 1 1) (thickness 0.15)))
    )
    (fp_line (start -5.07 3.2) (end -5.07 -5.74) (layer F.SilkS) (width 0.15))
    (fp_line (start -5.07 -5.74) (end 15.23 -5.74) (layer F.SilkS) (width 0.15))
    (fp_line (start 15.23 -5.74) (end 15.23 3.2) (layer F.SilkS) (width 0.15))
    (fp_line (start 15.23 3.2) (end -5.07 3.2) (layer F.SilkS) (width 0.15))
    (fp_line (start 2.855 3.2) (end 2.855 1.9) (layer F.SilkS) (width 0.15))
    (fp_line (start 2.855 1.9) (end -3.87 1.9) (layer F.SilkS) (width 0.15))
    (fp_line (start -3.87 1.9) (end -3.87 -4.44) (layer F.SilkS) (width 0.15))
    (fp_line (start -3.87 -4.44) (end 14.03 -4.44) (layer F.SilkS) (width 0.15))
    (fp_line (start 14.03 -4.44) (end 14.03 1.9) (layer F.SilkS) (width 0.15))
    (fp_line (start 14.03 1.9) (end 7.305 1.9) (layer F.SilkS) (width 0.15))
    (fp_line (start 7.305 1.9) (end 7.305 3.2) (layer F.SilkS) (width 0.15))
    (fp_line (start 4.83 -5.74) (end 4.83 -5.94) (layer F.SilkS) (width 0.15))
    (fp_line (start 4.83 -5.94) (end 5.33 -5.94) (layer F.SilkS) (width 0.15))
    (fp_line (start 5.33 -5.94) (end 5.33 -5.74) (layer F.SilkS) (width 0.15))
    (fp_line (start 4.83 -5.84) (end 5.33 -5.84) (layer F.SilkS) (width 0.15))
    (fp_line (start 12.31 -5.74) (end 12.31 -5.94) (layer F.SilkS) (width 0.15))
    (fp_line (start 12.31 -5.94) (end 12.81 -5.94) (layer F.SilkS) (width 0.15))
    (fp_line (start 12.81 -5.94) (end 12.81 -5.74) (layer F.SilkS) (width 0.15))
    (fp_line (start 12.31 -5.84) (end 12.81 -5.84) (layer F.SilkS) (width 0.15))
    (fp_line (start -2.65 -5.74) (end -2.65 -5.94) (layer F.SilkS) (width 0.15))
    (fp_line (start -2.65 -5.94) (end -2.15 -5.94) (layer F.SilkS) (width 0.15))
    (fp_line (start -2.15 -5.94) (end -2.15 -5.74) (layer F.SilkS) (width 0.15))
    (fp_line (start -2.65 -5.84) (end -2.15 -5.84) (layer F.SilkS) (width 0.15))
    (fp_line (start -2.2 0.6) (end -2.2 -0.6) (layer F.SilkS) (width 0.15))
    (fp_line (start -2.2 -0.6) (end -1.6 0) (layer F.SilkS) (width 0.15))
    (fp_line (start -1.6 0) (end -2.2 0.6) (layer F.SilkS) (width 0.15))
    (fp_line (start -5.55 3.7) (end -5.55 -6.25) (layer F.CrtYd) (width 0.05))
    (fp_line (start -5.55 -6.25) (end 15.75 -6.25) (layer F.CrtYd) (width 0.05))
    (fp_line (start 15.75 -6.25) (end 15.75 3.7) (layer F.CrtYd) (width 0.05))
    (fp_line (start 15.75 3.7) (end -5.55 3.7) (layer F.CrtYd) (width 0.05))
    (pad 1 thru_hole rect (at 0 0 270) (size 1.7 1.7) (drill 1) (layers *.Cu *.Mask))
    (pad 2 thru_hole circle (at 0 -2.54 270) (size 1.7 1.7) (drill 1) (layers *.Cu *.Mask)
      (net 5 +5V))
    (pad 3 thru_hole circle (at 2.54 0 270) (size 1.7 1.7) (drill 1) (layers *.Cu *.Mask)
      (net 2 GND))
    (pad 4 thru_hole circle (at 2.54 -2.54 270) (size 1.7 1.7) (drill 1) (layers *.Cu *.Mask))
    (pad 5 thru_hole circle (at 5.08 0 270) (size 1.7 1.7) (drill 1) (layers *.Cu *.Mask)
      (net 21 /inc_encoder/A-))
    (pad 6 thru_hole circle (at 5.08 -2.54 270) (size 1.7 1.7) (drill 1) (layers *.Cu *.Mask)
      (net 20 /inc_encoder/A+))
    (pad 7 thru_hole circle (at 7.62 0 270) (size 1.7 1.7) (drill 1) (layers *.Cu *.Mask)
      (net 23 /inc_encoder/B-))
    (pad 8 thru_hole circle (at 7.62 -2.54 270) (size 1.7 1.7) (drill 1) (layers *.Cu *.Mask)
      (net 22 /inc_encoder/B+))
    (pad 9 thru_hole circle (at 10.16 0 270) (size 1.7 1.7) (drill 1) (layers *.Cu *.Mask)
      (net 25 /inc_encoder/I-))
    (pad 10 thru_hole circle (at 10.16 -2.54 270) (size 1.7 1.7) (drill 1) (layers *.Cu *.Mask)
      (net 24 /inc_encoder/I+))
    (model ${KISYS3DMOD}/Connector_Multicomp.3dshapes/Multicomp_MC9A12-1034_2x05_P2.54mm_Vertical.wrl
      (at (xyz 0 0 0))
      (scale (xyz 1 1 1))
      (rotate (xyz 0 0 0))
    )
  )

  (module Resistor_SMD:R_Array_Concave_2x0603 (layer B.Cu) (tedit 58E0A851) (tstamp 5E3FF6C4)
    (at 178.376 106.617)
    (descr "Thick Film Chip Resistor Array, Wave soldering, Vishay CRA06P (see cra06p.pdf)")
    (tags "resistor array")
    (path /5E34E778/5E4AE49F)
    (attr smd)
    (fp_text reference RN1 (at 2.1 1.5) (layer B.SilkS)
      (effects (font (size 1 1) (thickness 0.15)) (justify mirror))
    )
    (fp_text value 150 (at 0 -1.85) (layer B.Fab)
      (effects (font (size 1 1) (thickness 0.15)) (justify mirror))
    )
    (fp_text user %R (at 0 1.75) (layer B.Fab)
      (effects (font (size 1 1) (thickness 0.15)) (justify mirror))
    )
    (fp_line (start -0.8 0.8) (end 0.8 0.8) (layer B.Fab) (width 0.1))
    (fp_line (start 0.8 0.8) (end 0.8 -0.8) (layer B.Fab) (width 0.1))
    (fp_line (start 0.8 -0.8) (end -0.8 -0.8) (layer B.Fab) (width 0.1))
    (fp_line (start -0.8 -0.8) (end -0.8 0.8) (layer B.Fab) (width 0.1))
    (fp_line (start 0.4 -0.92) (end -0.4 -0.92) (layer B.SilkS) (width 0.12))
    (fp_line (start 0.4 0.92) (end -0.4 0.92) (layer B.SilkS) (width 0.12))
    (fp_line (start -1.55 1.05) (end 1.55 1.05) (layer B.CrtYd) (width 0.05))
    (fp_line (start -1.55 1.05) (end -1.55 -1.05) (layer B.CrtYd) (width 0.05))
    (fp_line (start 1.55 -1.05) (end 1.55 1.05) (layer B.CrtYd) (width 0.05))
    (fp_line (start 1.55 -1.05) (end -1.55 -1.05) (layer B.CrtYd) (width 0.05))
    (pad 1 smd rect (at -0.85 0.4) (size 0.9 0.4) (layers B.Cu B.Paste B.Mask)
      (net 48 /inc_encoder/I_+))
    (pad 2 smd rect (at -0.85 -0.4) (size 0.9 0.4) (layers B.Cu B.Paste B.Mask)
      (net 45 /inc_encoder/I_-))
    (pad 3 smd rect (at 0.85 -0.4) (size 0.9 0.4) (layers B.Cu B.Paste B.Mask)
      (net 25 /inc_encoder/I-))
    (pad 4 smd rect (at 0.85 0.4) (size 0.9 0.4) (layers B.Cu B.Paste B.Mask)
      (net 24 /inc_encoder/I+))
    (model ${KISYS3DMOD}/Resistor_SMD.3dshapes/R_Array_Concave_2x0603.wrl
      (at (xyz 0 0 0))
      (scale (xyz 1 1 1))
      (rotate (xyz 0 0 0))
    )
  )

  (module Resistor_SMD:R_Array_Concave_2x0603 (layer B.Cu) (tedit 58E0A851) (tstamp 5E7EDE26)
    (at 178.376 102.967)
    (descr "Thick Film Chip Resistor Array, Wave soldering, Vishay CRA06P (see cra06p.pdf)")
    (tags "resistor array")
    (path /5E34E778/5E4B0FEB)
    (attr smd)
    (fp_text reference RN2 (at -0.8 1.75) (layer B.SilkS)
      (effects (font (size 1 1) (thickness 0.15)) (justify mirror))
    )
    (fp_text value 150 (at 0 -1.85) (layer B.Fab)
      (effects (font (size 1 1) (thickness 0.15)) (justify mirror))
    )
    (fp_line (start 1.55 -1.05) (end -1.55 -1.05) (layer B.CrtYd) (width 0.05))
    (fp_line (start 1.55 -1.05) (end 1.55 1.05) (layer B.CrtYd) (width 0.05))
    (fp_line (start -1.55 1.05) (end -1.55 -1.05) (layer B.CrtYd) (width 0.05))
    (fp_line (start -1.55 1.05) (end 1.55 1.05) (layer B.CrtYd) (width 0.05))
    (fp_line (start 0.4 0.92) (end -0.4 0.92) (layer B.SilkS) (width 0.12))
    (fp_line (start 0.4 -0.92) (end -0.4 -0.92) (layer B.SilkS) (width 0.12))
    (fp_line (start -0.8 -0.8) (end -0.8 0.8) (layer B.Fab) (width 0.1))
    (fp_line (start 0.8 -0.8) (end -0.8 -0.8) (layer B.Fab) (width 0.1))
    (fp_line (start 0.8 0.8) (end 0.8 -0.8) (layer B.Fab) (width 0.1))
    (fp_line (start -0.8 0.8) (end 0.8 0.8) (layer B.Fab) (width 0.1))
    (fp_text user %R (at 0 1.75) (layer B.Fab)
      (effects (font (size 1 1) (thickness 0.15)) (justify mirror))
    )
    (pad 4 smd rect (at 0.85 0.4) (size 0.9 0.4) (layers B.Cu B.Paste B.Mask)
      (net 23 /inc_encoder/B-))
    (pad 3 smd rect (at 0.85 -0.4) (size 0.9 0.4) (layers B.Cu B.Paste B.Mask)
      (net 22 /inc_encoder/B+))
    (pad 2 smd rect (at -0.85 -0.4) (size 0.9 0.4) (layers B.Cu B.Paste B.Mask)
      (net 47 /inc_encoder/B_+))
    (pad 1 smd rect (at -0.85 0.4) (size 0.9 0.4) (layers B.Cu B.Paste B.Mask)
      (net 44 /inc_encoder/B_-))
    (model ${KISYS3DMOD}/Resistor_SMD.3dshapes/R_Array_Concave_2x0603.wrl
      (at (xyz 0 0 0))
      (scale (xyz 1 1 1))
      (rotate (xyz 0 0 0))
    )
  )

  (module Resistor_SMD:R_0603_1608Metric (layer B.Cu) (tedit 5B301BBD) (tstamp 5E7F6754)
    (at 179.176 101.167)
    (descr "Resistor SMD 0603 (1608 Metric), square (rectangular) end terminal, IPC_7351 nominal, (Body size source: http://www.tortai-tech.com/upload/download/2011102023233369053.pdf), generated with kicad-footprint-generator")
    (tags resistor)
    (path /5E34E778/5E374056)
    (attr smd)
    (fp_text reference R9 (at -2.3 0) (layer B.SilkS)
      (effects (font (size 1 1) (thickness 0.15)) (justify mirror))
    )
    (fp_text value 20k (at 0 -1.43) (layer B.Fab)
      (effects (font (size 1 1) (thickness 0.15)) (justify mirror))
    )
    (fp_text user %R (at 0 0) (layer B.Fab)
      (effects (font (size 0.4 0.4) (thickness 0.06)) (justify mirror))
    )
    (fp_line (start 1.48 -0.73) (end -1.48 -0.73) (layer B.CrtYd) (width 0.05))
    (fp_line (start 1.48 0.73) (end 1.48 -0.73) (layer B.CrtYd) (width 0.05))
    (fp_line (start -1.48 0.73) (end 1.48 0.73) (layer B.CrtYd) (width 0.05))
    (fp_line (start -1.48 -0.73) (end -1.48 0.73) (layer B.CrtYd) (width 0.05))
    (fp_line (start -0.162779 -0.51) (end 0.162779 -0.51) (layer B.SilkS) (width 0.12))
    (fp_line (start -0.162779 0.51) (end 0.162779 0.51) (layer B.SilkS) (width 0.12))
    (fp_line (start 0.8 -0.4) (end -0.8 -0.4) (layer B.Fab) (width 0.1))
    (fp_line (start 0.8 0.4) (end 0.8 -0.4) (layer B.Fab) (width 0.1))
    (fp_line (start -0.8 0.4) (end 0.8 0.4) (layer B.Fab) (width 0.1))
    (fp_line (start -0.8 -0.4) (end -0.8 0.4) (layer B.Fab) (width 0.1))
    (pad 2 smd roundrect (at 0.7875 0) (size 0.875 0.95) (layers B.Cu B.Paste B.Mask) (roundrect_rratio 0.25)
      (net 2 GND))
    (pad 1 smd roundrect (at -0.7875 0) (size 0.875 0.95) (layers B.Cu B.Paste B.Mask) (roundrect_rratio 0.25)
      (net 44 /inc_encoder/B_-))
    (model ${KISYS3DMOD}/Resistor_SMD.3dshapes/R_0603_1608Metric.wrl
      (at (xyz 0 0 0))
      (scale (xyz 1 1 1))
      (rotate (xyz 0 0 0))
    )
  )

  (module Capacitor_SMD:C_0603_1608Metric (layer B.Cu) (tedit 5B301BBE) (tstamp 5E7F6784)
    (at 179.176 99.767)
    (descr "Capacitor SMD 0603 (1608 Metric), square (rectangular) end terminal, IPC_7351 nominal, (Body size source: http://www.tortai-tech.com/upload/download/2011102023233369053.pdf), generated with kicad-footprint-generator")
    (tags capacitor)
    (path /5E34E778/5E37405C)
    (attr smd)
    (fp_text reference C5 (at -2.3 0.1) (layer B.SilkS)
      (effects (font (size 1 1) (thickness 0.15)) (justify mirror))
    )
    (fp_text value 220p (at 0 -1.43) (layer B.Fab)
      (effects (font (size 1 1) (thickness 0.15)) (justify mirror))
    )
    (fp_line (start -0.8 -0.4) (end -0.8 0.4) (layer B.Fab) (width 0.1))
    (fp_line (start -0.8 0.4) (end 0.8 0.4) (layer B.Fab) (width 0.1))
    (fp_line (start 0.8 0.4) (end 0.8 -0.4) (layer B.Fab) (width 0.1))
    (fp_line (start 0.8 -0.4) (end -0.8 -0.4) (layer B.Fab) (width 0.1))
    (fp_line (start -0.162779 0.51) (end 0.162779 0.51) (layer B.SilkS) (width 0.12))
    (fp_line (start -0.162779 -0.51) (end 0.162779 -0.51) (layer B.SilkS) (width 0.12))
    (fp_line (start -1.48 -0.73) (end -1.48 0.73) (layer B.CrtYd) (width 0.05))
    (fp_line (start -1.48 0.73) (end 1.48 0.73) (layer B.CrtYd) (width 0.05))
    (fp_line (start 1.48 0.73) (end 1.48 -0.73) (layer B.CrtYd) (width 0.05))
    (fp_line (start 1.48 -0.73) (end -1.48 -0.73) (layer B.CrtYd) (width 0.05))
    (fp_text user %R (at 0 0) (layer B.Fab)
      (effects (font (size 0.4 0.4) (thickness 0.06)) (justify mirror))
    )
    (pad 1 smd roundrect (at -0.7875 0) (size 0.875 0.95) (layers B.Cu B.Paste B.Mask) (roundrect_rratio 0.25)
      (net 44 /inc_encoder/B_-))
    (pad 2 smd roundrect (at 0.7875 0) (size 0.875 0.95) (layers B.Cu B.Paste B.Mask) (roundrect_rratio 0.25)
      (net 2 GND))
    (model ${KISYS3DMOD}/Capacitor_SMD.3dshapes/C_0603_1608Metric.wrl
      (at (xyz 0 0 0))
      (scale (xyz 1 1 1))
      (rotate (xyz 0 0 0))
    )
  )

  (module Resistor_SMD:R_0603_1608Metric (layer B.Cu) (tedit 5B301BBD) (tstamp 5E42ADF0)
    (at 164.976 115.017 270)
    (descr "Resistor SMD 0603 (1608 Metric), square (rectangular) end terminal, IPC_7351 nominal, (Body size source: http://www.tortai-tech.com/upload/download/2011102023233369053.pdf), generated with kicad-footprint-generator")
    (tags resistor)
    (path /5E78D61E)
    (attr smd)
    (fp_text reference R26 (at -2.9 0 90) (layer B.SilkS)
      (effects (font (size 1 1) (thickness 0.15)) (justify mirror))
    )
    (fp_text value 10k (at 0 -1.43 90) (layer B.Fab)
      (effects (font (size 1 1) (thickness 0.15)) (justify mirror))
    )
    (fp_line (start -0.8 -0.4) (end -0.8 0.4) (layer B.Fab) (width 0.1))
    (fp_line (start -0.8 0.4) (end 0.8 0.4) (layer B.Fab) (width 0.1))
    (fp_line (start 0.8 0.4) (end 0.8 -0.4) (layer B.Fab) (width 0.1))
    (fp_line (start 0.8 -0.4) (end -0.8 -0.4) (layer B.Fab) (width 0.1))
    (fp_line (start -0.162779 0.51) (end 0.162779 0.51) (layer B.SilkS) (width 0.12))
    (fp_line (start -0.162779 -0.51) (end 0.162779 -0.51) (layer B.SilkS) (width 0.12))
    (fp_line (start -1.48 -0.73) (end -1.48 0.73) (layer B.CrtYd) (width 0.05))
    (fp_line (start -1.48 0.73) (end 1.48 0.73) (layer B.CrtYd) (width 0.05))
    (fp_line (start 1.48 0.73) (end 1.48 -0.73) (layer B.CrtYd) (width 0.05))
    (fp_line (start 1.48 -0.73) (end -1.48 -0.73) (layer B.CrtYd) (width 0.05))
    (fp_text user %R (at 0 0 90) (layer B.Fab)
      (effects (font (size 0.4 0.4) (thickness 0.06)) (justify mirror))
    )
    (pad 1 smd roundrect (at -0.7875 0 270) (size 0.875 0.95) (layers B.Cu B.Paste B.Mask) (roundrect_rratio 0.25)
      (net 13 +3V3))
    (pad 2 smd roundrect (at 0.7875 0 270) (size 0.875 0.95) (layers B.Cu B.Paste B.Mask) (roundrect_rratio 0.25)
      (net 71 "Net-(R1-Pad2)"))
    (model ${KISYS3DMOD}/Resistor_SMD.3dshapes/R_0603_1608Metric.wrl
      (at (xyz 0 0 0))
      (scale (xyz 1 1 1))
      (rotate (xyz 0 0 0))
    )
  )

  (module Package_TO_SOT_SMD:SOT-23 (layer B.Cu) (tedit 5A02FF57) (tstamp 5E430EBA)
    (at 170.676 82.717 180)
    (descr "SOT-23, Standard")
    (tags SOT-23)
    (path /5E331390/5E7110CD)
    (attr smd)
    (fp_text reference Q2 (at 1.6 -1.6 90) (layer B.SilkS)
      (effects (font (size 1 1) (thickness 0.15)) (justify mirror))
    )
    (fp_text value BSS138 (at 0 -2.5) (layer B.Fab)
      (effects (font (size 1 1) (thickness 0.15)) (justify mirror))
    )
    (fp_line (start 0.76 -1.58) (end -0.7 -1.58) (layer B.SilkS) (width 0.12))
    (fp_line (start 0.76 1.58) (end -1.4 1.58) (layer B.SilkS) (width 0.12))
    (fp_line (start -1.7 -1.75) (end -1.7 1.75) (layer B.CrtYd) (width 0.05))
    (fp_line (start 1.7 -1.75) (end -1.7 -1.75) (layer B.CrtYd) (width 0.05))
    (fp_line (start 1.7 1.75) (end 1.7 -1.75) (layer B.CrtYd) (width 0.05))
    (fp_line (start -1.7 1.75) (end 1.7 1.75) (layer B.CrtYd) (width 0.05))
    (fp_line (start 0.76 1.58) (end 0.76 0.65) (layer B.SilkS) (width 0.12))
    (fp_line (start 0.76 -1.58) (end 0.76 -0.65) (layer B.SilkS) (width 0.12))
    (fp_line (start -0.7 -1.52) (end 0.7 -1.52) (layer B.Fab) (width 0.1))
    (fp_line (start 0.7 1.52) (end 0.7 -1.52) (layer B.Fab) (width 0.1))
    (fp_line (start -0.7 0.95) (end -0.15 1.52) (layer B.Fab) (width 0.1))
    (fp_line (start -0.15 1.52) (end 0.7 1.52) (layer B.Fab) (width 0.1))
    (fp_line (start -0.7 0.95) (end -0.7 -1.5) (layer B.Fab) (width 0.1))
    (fp_text user %R (at 0 0 270) (layer B.Fab)
      (effects (font (size 0.5 0.5) (thickness 0.075)) (justify mirror))
    )
    (pad 3 smd rect (at 1 0 180) (size 0.9 0.8) (layers B.Cu B.Paste B.Mask)
      (net 61 "Net-(Q2-Pad3)"))
    (pad 2 smd rect (at -1 -0.95 180) (size 0.9 0.8) (layers B.Cu B.Paste B.Mask)
      (net 2 GND))
    (pad 1 smd rect (at -1 0.95 180) (size 0.9 0.8) (layers B.Cu B.Paste B.Mask)
      (net 62 "Net-(Q2-Pad1)"))
    (model ${KISYS3DMOD}/Package_TO_SOT_SMD.3dshapes/SOT-23.wrl
      (at (xyz 0 0 0))
      (scale (xyz 1 1 1))
      (rotate (xyz 0 0 0))
    )
  )

  (module Resistor_SMD:R_Array_Concave_2x0603 (layer B.Cu) (tedit 58E0A851) (tstamp 5E52D665)
    (at 180.276 76.617)
    (descr "Thick Film Chip Resistor Array, Wave soldering, Vishay CRA06P (see cra06p.pdf)")
    (tags "resistor array")
    (path /5E331390/5E63EC2A)
    (attr smd)
    (fp_text reference RN5 (at -0.1 -1.6) (layer B.SilkS)
      (effects (font (size 1 1) (thickness 0.15)) (justify mirror))
    )
    (fp_text value 150 (at 0 -1.85) (layer B.Fab)
      (effects (font (size 1 1) (thickness 0.15)) (justify mirror))
    )
    (fp_text user %R (at 0 1.75) (layer B.Fab)
      (effects (font (size 1 1) (thickness 0.15)) (justify mirror))
    )
    (fp_line (start -0.8 0.8) (end 0.8 0.8) (layer B.Fab) (width 0.1))
    (fp_line (start 0.8 0.8) (end 0.8 -0.8) (layer B.Fab) (width 0.1))
    (fp_line (start 0.8 -0.8) (end -0.8 -0.8) (layer B.Fab) (width 0.1))
    (fp_line (start -0.8 -0.8) (end -0.8 0.8) (layer B.Fab) (width 0.1))
    (fp_line (start 0.4 -0.92) (end -0.4 -0.92) (layer B.SilkS) (width 0.12))
    (fp_line (start 0.4 0.92) (end -0.4 0.92) (layer B.SilkS) (width 0.12))
    (fp_line (start -1.55 1.05) (end 1.55 1.05) (layer B.CrtYd) (width 0.05))
    (fp_line (start -1.55 1.05) (end -1.55 -1.05) (layer B.CrtYd) (width 0.05))
    (fp_line (start 1.55 -1.05) (end 1.55 1.05) (layer B.CrtYd) (width 0.05))
    (fp_line (start 1.55 -1.05) (end -1.55 -1.05) (layer B.CrtYd) (width 0.05))
    (pad 1 smd rect (at -0.85 0.4) (size 0.9 0.4) (layers B.Cu B.Paste B.Mask)
      (net 14 /ssi_encoder/Dout_-))
    (pad 2 smd rect (at -0.85 -0.4) (size 0.9 0.4) (layers B.Cu B.Paste B.Mask)
      (net 15 /ssi_encoder/Dout_+))
    (pad 3 smd rect (at 0.85 -0.4) (size 0.9 0.4) (layers B.Cu B.Paste B.Mask)
      (net 19 /ssi_encoder/D_+))
    (pad 4 smd rect (at 0.85 0.4) (size 0.9 0.4) (layers B.Cu B.Paste B.Mask)
      (net 18 /ssi_encoder/D_-))
    (model ${KISYS3DMOD}/Resistor_SMD.3dshapes/R_Array_Concave_2x0603.wrl
      (at (xyz 0 0 0))
      (scale (xyz 1 1 1))
      (rotate (xyz 0 0 0))
    )
  )

  (module Resistor_SMD:R_0603_1608Metric (layer B.Cu) (tedit 5B301BBD) (tstamp 5E430E50)
    (at 170.476 79.517)
    (descr "Resistor SMD 0603 (1608 Metric), square (rectangular) end terminal, IPC_7351 nominal, (Body size source: http://www.tortai-tech.com/upload/download/2011102023233369053.pdf), generated with kicad-footprint-generator")
    (tags resistor)
    (path /5E331390/5E366E08)
    (attr smd)
    (fp_text reference R17 (at 0 -1.3) (layer B.SilkS)
      (effects (font (size 1 1) (thickness 0.15)) (justify mirror))
    )
    (fp_text value 10k (at 0 -1.43) (layer B.Fab)
      (effects (font (size 1 1) (thickness 0.15)) (justify mirror))
    )
    (fp_text user %R (at 0 0) (layer B.Fab)
      (effects (font (size 0.4 0.4) (thickness 0.06)) (justify mirror))
    )
    (fp_line (start 1.48 -0.73) (end -1.48 -0.73) (layer B.CrtYd) (width 0.05))
    (fp_line (start 1.48 0.73) (end 1.48 -0.73) (layer B.CrtYd) (width 0.05))
    (fp_line (start -1.48 0.73) (end 1.48 0.73) (layer B.CrtYd) (width 0.05))
    (fp_line (start -1.48 -0.73) (end -1.48 0.73) (layer B.CrtYd) (width 0.05))
    (fp_line (start -0.162779 -0.51) (end 0.162779 -0.51) (layer B.SilkS) (width 0.12))
    (fp_line (start -0.162779 0.51) (end 0.162779 0.51) (layer B.SilkS) (width 0.12))
    (fp_line (start 0.8 -0.4) (end -0.8 -0.4) (layer B.Fab) (width 0.1))
    (fp_line (start 0.8 0.4) (end 0.8 -0.4) (layer B.Fab) (width 0.1))
    (fp_line (start -0.8 0.4) (end 0.8 0.4) (layer B.Fab) (width 0.1))
    (fp_line (start -0.8 -0.4) (end -0.8 0.4) (layer B.Fab) (width 0.1))
    (pad 2 smd roundrect (at 0.7875 0) (size 0.875 0.95) (layers B.Cu B.Paste B.Mask) (roundrect_rratio 0.25)
      (net 13 +3V3))
    (pad 1 smd roundrect (at -0.7875 0) (size 0.875 0.95) (layers B.Cu B.Paste B.Mask) (roundrect_rratio 0.25)
      (net 61 "Net-(Q2-Pad3)"))
    (model ${KISYS3DMOD}/Resistor_SMD.3dshapes/R_0603_1608Metric.wrl
      (at (xyz 0 0 0))
      (scale (xyz 1 1 1))
      (rotate (xyz 0 0 0))
    )
  )

  (module LED_SMD:LED_0603_1608Metric (layer F.Cu) (tedit 5B301BBE) (tstamp 5E3DBA3B)
    (at 172.176 94.517 270)
    (descr "LED SMD 0603 (1608 Metric), square (rectangular) end terminal, IPC_7351 nominal, (Body size source: http://www.tortai-tech.com/upload/download/2011102023233369053.pdf), generated with kicad-footprint-generator")
    (tags diode)
    (path /5E249304)
    (attr smd)
    (fp_text reference D2 (at -2.4875 0 90) (layer F.SilkS)
      (effects (font (size 1 1) (thickness 0.15)))
    )
    (fp_text value LED (at 0 1.43 90) (layer F.Fab)
      (effects (font (size 1 1) (thickness 0.15)))
    )
    (fp_text user %R (at 0 0 90) (layer F.Fab)
      (effects (font (size 0.4 0.4) (thickness 0.06)))
    )
    (fp_line (start 1.48 0.73) (end -1.48 0.73) (layer F.CrtYd) (width 0.05))
    (fp_line (start 1.48 -0.73) (end 1.48 0.73) (layer F.CrtYd) (width 0.05))
    (fp_line (start -1.48 -0.73) (end 1.48 -0.73) (layer F.CrtYd) (width 0.05))
    (fp_line (start -1.48 0.73) (end -1.48 -0.73) (layer F.CrtYd) (width 0.05))
    (fp_line (start -1.485 0.735) (end 0.8 0.735) (layer F.SilkS) (width 0.12))
    (fp_line (start -1.485 -0.735) (end -1.485 0.735) (layer F.SilkS) (width 0.12))
    (fp_line (start 0.8 -0.735) (end -1.485 -0.735) (layer F.SilkS) (width 0.12))
    (fp_line (start 0.8 0.4) (end 0.8 -0.4) (layer F.Fab) (width 0.1))
    (fp_line (start -0.8 0.4) (end 0.8 0.4) (layer F.Fab) (width 0.1))
    (fp_line (start -0.8 -0.1) (end -0.8 0.4) (layer F.Fab) (width 0.1))
    (fp_line (start -0.5 -0.4) (end -0.8 -0.1) (layer F.Fab) (width 0.1))
    (fp_line (start 0.8 -0.4) (end -0.5 -0.4) (layer F.Fab) (width 0.1))
    (pad 2 smd roundrect (at 0.7875 0 270) (size 0.875 0.95) (layers F.Cu F.Paste F.Mask) (roundrect_rratio 0.25)
      (net 8 /A1))
    (pad 1 smd roundrect (at -0.7875 0 270) (size 0.875 0.95) (layers F.Cu F.Paste F.Mask) (roundrect_rratio 0.25)
      (net 11 "Net-(D2-Pad1)"))
    (model ${KISYS3DMOD}/LED_SMD.3dshapes/LED_0603_1608Metric.wrl
      (at (xyz 0 0 0))
      (scale (xyz 1 1 1))
      (rotate (xyz 0 0 0))
    )
  )

  (module Package_DIP:DIP-4_W7.62mm (layer F.Cu) (tedit 5A02E8C5) (tstamp 5E36A6C2)
    (at 153.876 114.117)
    (descr "4-lead though-hole mounted DIP package, row spacing 7.62 mm (300 mils)")
    (tags "THT DIP DIL PDIP 2.54mm 7.62mm 300mil")
    (path /5E77B8B0)
    (fp_text reference U8 (at 3.81 -2.33) (layer F.SilkS)
      (effects (font (size 1 1) (thickness 0.15)))
    )
    (fp_text value TLP785 (at 3.81 4.87) (layer F.Fab)
      (effects (font (size 1 1) (thickness 0.15)))
    )
    (fp_arc (start 3.81 -1.33) (end 2.81 -1.33) (angle -180) (layer F.SilkS) (width 0.12))
    (fp_line (start 1.635 -1.27) (end 6.985 -1.27) (layer F.Fab) (width 0.1))
    (fp_line (start 6.985 -1.27) (end 6.985 3.81) (layer F.Fab) (width 0.1))
    (fp_line (start 6.985 3.81) (end 0.635 3.81) (layer F.Fab) (width 0.1))
    (fp_line (start 0.635 3.81) (end 0.635 -0.27) (layer F.Fab) (width 0.1))
    (fp_line (start 0.635 -0.27) (end 1.635 -1.27) (layer F.Fab) (width 0.1))
